1376.56
1404.87
1421.19
1421.88
1357.96
1399.46
1456.93
1648.87
1368.44
1592.74
1454.73
1252.69
1541.11
1466.05
1441.01
1391.27
1501.90
1413.51
1343.06
1703.55
1598.59
1721.53
1288.19
1403.91
1637.39
1376.99
1325.27
1469.65
1376.08
1346.30
1760.78
1539.65
1427.38
1480.06
1321.87
1439.48
1316.60
1536.44
1648.92
1474.99
1251.82
2005.28
1404.66
1331.23
1515.88
1557.88
1345.89
1599.98
1384.91
1345.48
1771.88
1604.13
1436.84
1386.44
1612.03
1726.44
1553.94
1732.59
1172.55
1454.55
1390.94
1619.62
1390.35
1394.92
1412.15
1285.50
1252.12
1476.79
1499.92
1640.75
1543.75
1540.98
1849.72
1376.10
1641.46
1443.44
1433.68
1572.17
1454.17
1588.98
1278.15
1427.31
1347.87
1442.28
1416.88
1450.73
1512.87
1542.01
1219.26
1562.48
1325.10
1490.08
1702.47
1466.72
1475.02
1545.24
1190.00
1626.23
1629.73
1438.61
1276.41
1499.91
1360.92
1398.58
1627.34
1324.49
1342.50
1468.98
1767.55
1278.38
1541.58
1708.57
1320.26
1486.25
1567.06
1372.16
1497.48
1403.43
1691.61
1557.35
1571.53
1852.51
1292.16
1445.54
1333.37
1408.11
1563.72
1768.25
1426.50
1488.81
1469.48
1671.03
1568.64
1632.80
1238.77
1630.18
1605.13
1367.49
1416.43
1251.69
1395.42
1509.50
1312.01
1377.62
1261.05
1369.11
1279.55
1481.85
1415.85
1345.94
1602.72
1665.40
1300.90
1330.07
1760.86
1583.67
1639.68
1586.20
1473.70
1357.34
1633.02
1623.63
1473.34
1623.62
1348.20
1349.94
1421.75
1387.93
1417.24
1084.06
1511.39
1280.27
1497.06
1499.48
